0 0.5452480743805694 0.5152960327211837 0.2649895094478172 0.11991621877944111
0 0.1267549217433207 0.5274046416094286 0.20030958516198905 0.12359101023842702
0 0.8034112807811845 0.49037369630935856 0.2398907329636176 0.1483008204279737
0 0.3214401269350307 0.4987865340932711 0.18080222752354494 0.1688864535452685
0 0.3234916987990641 0.3258145092430801 0.1785037144490125 0.06796687437442277
0 0.7416786158314619 0.29449611076941246 0.4206797047777722 0.11062434190524438
0 0.13241557676547094 0.30272894480619883 0.2048933556016633 0.11886723651212036
0 0.47373539734179637 0.2715513205577787 0.09610780746888445 0.1553986476017886
0 0.17317894222888933 0.14949728396726847 0.26308617356966396 0.07905083416405649
0 0.685003898327278 0.11894631931042654 0.18202716994294887 0.09204729520357716
0 0.44042737577201996 0.11000501311494143 0.20992496977737354 0.1237588474011983
0 0.8677818336837664 0.08813416209388705 0.13836938983203403 0.13451929944964414
0 0.2265572618855502 0.731024340036751 0.16000400521664943 0.1348969330658796
0 0.07259914710538735 0.7361135807949383 0.11170316027170837 0.1292500549443306
0 0.6106424890280658 0.7099087562481674 0.15586807851301124 0.14923609140757102
0 0.42188458548413826 0.7144044836444778 0.21501587834743618 0.18149311438419874
0 0.8119234475442648 0.6943859247060854 0.24537019087536402 0.1628078159324364