0 0.4056684934201009 0.42209719042693006 0.27000618274320043 0.15860389744584447
0 0.8172689966082648 0.4340196976374837 0.20991002889704682 0.1536982913829777
0 0.1500996495476006 0.4321777645624347 0.2518528549864902 0.18347641119803476
0 0.623661431998735 0.4522195953137608 0.19244234571473756 0.1953977282120912
0 0.6022839601067322 0.6240700176919257 0.1834228367357239 0.09163989511167724
0 0.1997110926300419 0.6315745039546559 0.3994221852600838 0.17116224896678334
0 0.7877270263835288 0.6592452960065507 0.20971413044721798 0.14889059907528554
0 0.44826844018869927 0.6701841032454534 0.10742618730589207 0.16689526433946228
0 0.7288185336666749 0.8113987678034119 0.2658392505408943 0.11513844243409903
0 0.2233211066411393 0.8107347752816996 0.18690412436362897 0.11827842704649946
0 0.4618936613648374 0.8355835048763863 0.21962336273734573 0.15688703450688243
0 0.05706895747376302 0.8328593561743529 0.11413791494752604 0.15340415338528857
0 0.7444026322322533 0.2231432449599056 0.1693384919564052 0.1575740177217668
0 0.8950613461252453 0.23001188691225063 0.11846592582597829 0.14383792401357412
0 0.36461738215906847 0.22419671047540385 0.16752234115204592 0.17180087040232905
0 0.5512358391348384 0.23052583494387496 0.22668388721807028 0.21256794453037345
0 0.16563687212686717 0.22726216875796756 0.2572482426436692 0.19829193660614103