0 0.5650784962274327 0.6033704716898103 0.18502802058067347 0.2846675983473894
0 0.634362684702033 0.20816700516796027 0.17361414967060676 0.22410930811823876
0 0.5052168890453804 0.8424314015532283 0.21029367518739323 0.26953517534145494
0 0.5809479594658191 0.3854211396058736 0.21363906779628566 0.21470885018599015
0 0.411888802189553 0.32911892587386876 0.11373662910506446 0.1891622170542638
0 0.3231217045372717 0.7194842594769579 0.21915207999560293 0.4304388221881483
0 0.4165542311570793 0.1391684976005917 0.16880645736291447 0.22380121719624088
0 0.33820124126862294 0.45601589593094327 0.17427004951244113 0.1308214445012357
0 0.25969063462295017 0.13749198144362162 0.14438126924590033 0.2509528709714062
0 0.16092966245169676 0.6073848657040637 0.1408513099891366 0.20047210174063693
0 0.1849857172729683 0.3696190231564306 0.1766903690162175 0.2338787381946223
0 0.11740773176911437 0.7721110508703184 0.13832991052001964 0.16441440943294447
0 0.8203492850541229 0.3696527084362687 0.17332850305739483 0.18580181511769922
0 0.8437494400335601 0.22517472950563866 0.1555435601754951 0.1368006192747824
0 0.7439040981006543 0.7308942378822745 0.18775157998047176 0.18672608788369296
0 0.7756842079522528 0.5522536942953706 0.2329873903423256 0.25184486072067525
0 0.7027607435805829 0.8886473224011138 0.22471675211047015 0.2227053551977725