0 0.402623710742179 0.5304391368455259 0.28743086424249964 0.15296215292442328
0 0.8551891525068229 0.5866581757903104 0.2179291601192196 0.15448318835303626
0 0.12667484560593806 0.5136867400984397 0.2533496912118761 0.18185746201424718
0 0.6431960499021346 0.5850154424490195 0.19769344032299438 0.2007940932473274
0 0.6365384340304897 0.7724173303277622 0.19447598046969716 0.09021717017040433
0 0.2042899281324154 0.7386178037376518 0.4085798562648308 0.15031253055222665
0 0.8409481637136237 0.8276560415243049 0.2201231719348076 0.14746787413401263
0 0.4705110492933478 0.8058509697155074 0.10338388208763842 0.1739105785584862
0 0.7916857924772335 0.9675714643484146 0.28369806727968283 0.0648570713031709
0 0.2378090883539536 0.9362481282150752 0.19531531782273126 0.11906332401655817
0 0.5015676898725452 0.9544733969775189 0.22959866699135295 0.09105320604496224
0 0.05715645055573652 0.9311712722636947 0.11431290111147303 0.13638100606585096
0 0.7549326974849421 0.3471569662291768 0.17253586231382093 0.16037031236064217
0 0.920588247762068 0.36790797742422754 0.1195113573703664 0.15124568671762725
0 0.3392072024283964 0.3084024799664467 0.17062162961591115 0.1770010111950507
0 0.5432893187773511 0.3334950021186552 0.2341008565277845 0.2157566876542783
0 0.1282293104026899 0.2909385223826411 0.2564586208053798 0.19888060933368507